Instância N5M4-1(new1).txt
Melhor sequência: [6, 0, 1, 2, 3, 4, 7, 5]
Menor Makespan: 0.584
Tempo de execução do GA:24.350529020997783


Grp Maq   1001.0 1003.0 1004.0 1008.0 1010.0 1011.0 1303.0 1304.0 1307.0 2604.0 2605.0 2611.0 2701.0 2702.0
Ord Prod                                                                                                   
3117.0     0.033  0.000  0.000  0.084   0.05  0.000   0.00   00.0      0  0.000  0.000  0.000      0      0
3118.0     0.033  0.000  0.000  0.000   0.00  0.067   0.00   00.0      0  0.000  0.000  0.000      0      0
3119.0     0.067  0.000  0.000  0.000   0.00  0.067   0.00   00.0      0  0.000  0.000  0.000      0      0
3120.0     0.033  0.000  0.000  0.000   0.00  0.000   0.00   00.0      0  0.000  0.000  0.000      0      0
3177.0     0.000  0.000  0.000  0.000   0.00  0.000   0.00   00.0      0  0.000  0.000  0.000      0      0
3182.0     0.000  0.000  0.000  0.000   0.00  0.000   0.00   00.0      0  0.000  0.000  0.000      0      0
3201.0     0.000  0.000  0.000  0.000   0.00  0.000   0.00   00.0      0  0.000  0.000  0.000      0      0
3252.0     0.000  0.584  0.000  0.000   0.00  0.000   0.00   00.0      0  0.000  0.000  0.000      0      0
3378.0     0.000  0.000  0.000  0.000   0.00  0.000   0.00   00.0      0  0.000  0.000  0.534      0      0
3472.0     0.000  0.000  0.000  0.000   0.00  0.000   3.45   00.0      0  0.000  0.000  0.000      0      0
3552.0     0.000  0.000  0.000  0.000   0.00  0.000   0.00   00.0      0  0.000  0.000  0.000      0      0
3631.0     0.000  0.000  0.000  0.000   0.00  0.000   0.00   00.0      2  0.000  0.000  0.000      0      0
4217.0     0.000  0.000  0.092  0.000   0.00  0.000   0.00   00.0      0  0.000  0.000  0.000      0      0
4218.0     0.000  0.000  0.000  0.000   0.00  0.000   0.00   00.0      0  0.000  0.000  0.000      0      0
4219.0     0.000  0.000  0.000  0.000   0.00  0.000   0.00    0.0      0  0.000  0.000  0.000      0      0
4220.0     0.000  0.000  0.000  0.000   0.00  0.000   0.00    0.0      0  0.000  0.000  0.000      0      0
4221.0     0.000  0.000  0.000  0.000   0.00  0.000   0.00    0.0      0  0.000  0.000  0.000      0      0
4222.0     0.000  0.000  0.000  0.000   0.00  0.000   0.00    0.0      0  0.000  0.000  0.000      0      0
4223.0     0.000  0.000  0.000  0.000   0.00  0.000   0.00    0.0      0  0.000  0.000  0.000      0      0
4224.0     0.000  0.000  0.000  0.000   0.00  0.000   0.00    0.0      0  0.000  0.000  0.000      0      0
4225.0     0.000  0.000  0.000  0.000   0.00  0.000   0.00    0.0      0  0.000  0.000  0.000      0      0
4295.0     0.000  0.000  0.000  0.000   0.00  0.000   0.00    0.1      0  0.033  0.067  0.000      0      0
4326.0     0.000  0.000  0.367  0.000   0.00  0.000   0.00    0.0      0  0.000  0.000  0.000      0      0
4327.0     0.000  0.000  0.367  0.000   0.00  0.000   0.00    0.0      0  0.000  0.000  0.000      0      0
4328.0     0.000  0.000  0.000  0.000   0.00  0.000   0.00    0.0      0  0.000  0.000  0.000      0      0
4329.0     0.000  0.000  0.000  0.000   0.00  0.000   0.00    0.0      0  0.000  0.000  0.000      0      0
4376.0     0.000  0.000  0.000  0.000   0.00  0.000   0.00    0.0      0  0.000  0.000  0.000      0      0
