0.033  0.000  0.000  0.084   0.05  0.000   0.00   0.00   0.00  0.000  0.000  0.000   0.00   0.00  
0.033  0.000  0.000  0.000   0.00  0.067   0.00   0.00   0.00  0.000  0.000  0.000   0.00   0.00
0.067  0.000  0.000  0.000   0.00  0.067   0.00   0.00   0.00  0.000  0.000  0.000   0.00   0.00
0.033  0.000  0.000  0.000   0.00  0.000   0.00   0.00   0.00  0.000  0.000  0.000   0.00   0.00
0.000  0.000  0.000  0.000   0.00  0.000   0.00   0.00   0.00  0.000  0.000  0.000   0.00   0.00
0.000  0.000  0.000  0.000   0.00  0.000   0.00   0.00   0.00  0.000  0.000  0.000   0.00   0.00
0.000  0.000  0.000  0.000   0.00  0.000   0.00   0.00   0.00  0.000  0.000  0.000   0.00   0.00
0.000  0.584  0.000  0.000   0.00  0.000   0.00   0.00   0.00  0.000  0.000  0.000   0.00   0.00
0.000  0.000  0.000  0.000   0.00  0.000   0.00   0.00   0.00  0.000  0.000  0.534   0.00   0.00
0.000  0.000  0.000  0.000   0.00  0.000   3.45   0.00   0.00  0.000  0.000  0.000   0.00   0.00
0.000  0.000  0.000  0.000   0.00  0.000   0.00   0.00   0.00  0.000  0.000  0.000   0.00   0.00
0.000  0.000  0.000  0.000   0.00  0.000   0.00   0.00   2.00  0.000  0.000  0.000   0.00   0.00
0.000  0.000  0.092  0.000   0.00  0.000   0.00   0.00   0.00  0.000  0.000  0.000   0.00   0.00
0.000  0.000  0.000  0.000   0.00  0.000   0.00   0.00   0.00  0.000  0.000  0.000   0.00   0.00
0.000  0.000  0.000  0.000   0.00  0.000   0.00   0.00   0.00  0.000  0.000  0.000   0.00   0.00
0.000  0.000  0.000  0.000   0.00  0.000   0.00   0.00   0.00  0.000  0.000  0.000   0.00   0.00
0.000  0.000  0.000  0.000   0.00  0.000   0.00   0.00   0.00  0.000  0.000  0.000   0.00   0.00
0.000  0.000  0.000  0.000   0.00  0.000   0.00   0.00   0.00  0.000  0.000  0.000   0.00   0.00
0.000  0.000  0.000  0.000   0.00  0.000   0.00   0.00   0.00  0.000  0.000  0.000   0.00   0.00
0.000  0.000  0.000  0.000   0.00  0.000   0.00   0.00   0.00  0.000  0.000  0.000   0.00   0.00
0.000  0.000  0.000  0.000   0.00  0.000   0.00   0.00   0.00  0.000  0.000  0.000   0.00   0.00
0.000  0.000  0.000  0.000   0.00  0.000   0.00   0.10   0.00  0.033  0.067  0.000   0.00   0.00
0.000  0.000  0.367  0.000   0.00  0.000   0.00   0.00   0.00  0.000  0.000  0.000   0.00   0.00
0.000  0.000  0.367  0.000   0.00  0.000   0.00   0.00   0.00  0.000  0.000  0.000   0.00   0.00
0.000  0.000  0.000  0.000   0.00  0.000   0.00   0.00   0.00  0.000  0.000  0.000   0.00   0.00
0.000  0.000  0.000  0.000   0.00  0.000   0.00   0.00   0.00  0.000  0.000  0.000   0.00   0.00
0.000  0.000  0.000  0.000   0.00  0.000   0.00   0.00   0.00  0.000  0.000  0.000   0.00   0.00
